[sk5.jpg]
filters=autolight=1;PencilSketch=1,2.143860,102.923981,12.865498;
moddate=9084ec3a9547d401
width=4000
height=2332
textactive=0
